1.000000000000000000e+00,0.000000000000000000e+00,0.000000000000000000e+00,0.000000000000000000e+00,1.000000000000000000e+00,0.000000000000000000e+00,0.000000000000000000e+00,0.000000000000000000e+00,1.000000000000000000e+00,1.991999999999999882e-01,0.000000000000000000e+00,7.534999999999999476e-01,0.000000000000000000e+00
9.999999995633753747e-01,0.000000000000000000e+00,2.955078996929363708e-05,0.000000000000000000e+00,1.000000000000000000e+00,0.000000000000000000e+00,-2.955078996929363708e-05,0.000000000000000000e+00,9.999999995633753747e-01,1.992174247154986644e-01,0.000000000000000000e+00,7.535062393918462442e-01,0.000000000000000000e+00
9.999999930373709711e-01,0.000000000000000000e+00,1.180053300641936746e-04,0.000000000000000000e+00,1.000000000000000000e+00,0.000000000000000000e+00,-1.180053300641936746e-04,0.000000000000000000e+00,9.999999930373709711e-01,1.992695833130314620e-01,0.000000000000000000e+00,7.535249127199288299e-01,0.000000000000000000e+00
9.999999648697756038e-01,0.000000000000000000e+00,2.650668736550089596e-04,0.000000000000000000e+00,1.000000000000000000e+00,0.000000000000000000e+00,-2.650668736550089596e-04,0.000000000000000000e+00,9.999999648697756038e-01,1.993563040997975433e-01,0.000000000000000000e+00,7.535559481558353756e-01,0.000000000000000000e+00
9.999998893437239689e-01,0.000000000000000000e+00,4.704386675494780408e-04,0.000000000000000000e+00,1.000000000000000000e+00,0.000000000000000000e+00,-4.704386675494780408e-04,0.000000000000000000e+00,9.999998893437239689e-01,1.994774175253932191e-01,0.000000000000000000e+00,7.535992678761798125e-01,0.000000000000000000e+00
9.999997307511729883e-01,0.000000000000000000e+00,7.338239445717288688e-04,0.000000000000000000e+00,1.000000000000000000e+00,0.000000000000000000e+00,-7.338239445717288688e-04,0.000000000000000000e+00,9.999997307511729883e-01,1.996327561408065276e-01,0.000000000000000000e+00,7.536547881633254287e-01,0.000000000000000000e+00
9.999994435655038538e-01,0.000000000000000000e+00,1.054925913349749307e-03,0.000000000000000000e+00,1.000000000000000000e+00,0.000000000000000000e+00,-1.054925913349749307e-03,0.000000000000000000e+00,9.999994435655038538e-01,1.998221545559505374e-01,0.000000000000000000e+00,7.537224195050030717e-01,0.000000000000000000e+00
9.999989726132527679e-01,0.000000000000000000e+00,1.433447745415509286e-03,0.000000000000000000e+00,1.000000000000000000e+00,0.000000000000000000e+00,-1.433447745415509286e-03,0.000000000000000000e+00,9.999989726132527679e-01,2.000454493957959101e-01,0.000000000000000000e+00,7.538020666928488822e-01,0.000000000000000000e+00
9.999982532449760431e-01,0.000000000000000000e+00,1.869092559720453945e-03,0.000000000000000000e+00,1.000000000000000000e+00,0.000000000000000000e+00,-1.869092559720453945e-03,0.000000000000000000e+00,9.999982532449760431e-01,2.003024792551624522e-01,0.000000000000000000e+00,7.538936289198850949e-01,0.000000000000000000e+00
9.999972115052550015e-01,0.000000000000000000e+00,2.361563404667667981e-03,0.000000000000000000e+00,1.000000000000000000e+00,0.000000000000000000e+00,-2.361563404667667981e-03,0.000000000000000000e+00,9.999972115052550015e-01,2.005930846522276934e-01,0.000000000000000000e+00,7.539969998769691095e-01,0.000000000000000000e+00
9.999957643018488884e-01,0.000000000000000000e+00,2.910563237760615141e-03,0.000000000000000000e+00,1.000000000000000000e+00,0.000000000000000000e+00,-2.910563237760615141e-03,0.000000000000000000e+00,9.999957643018488884e-01,2.009171079808101390e-01,0.000000000000000000e+00,7.541120678482382544e-01,0.000000000000000000e+00
9.999938195740013525e-01,0.000000000000000000e+00,3.515794902966941273e-03,0.000000000000000000e+00,1.000000000000000000e+00,0.000000000000000000e+00,-3.515794902966941273e-03,0.000000000000000000e+00,9.999938195740013525e-01,2.012743934614840691e-01,0.000000000000000000e+00,7.542387158055713359e-01,0.000000000000000000e+00
9.999912764599098169e-01,0.000000000000000000e+00,4.176961105894473614e-03,0.000000000000000000e+00,1.000000000000000000e+00,0.000000000000000000e+00,-4.176961105894473614e-03,0.000000000000000000e+00,9.999912764599098169e-01,2.016647870915806995e-01,0.000000000000000000e+00,7.543768215020953960e-01,0.000000000000000000e+00
9.999880254633680687e-01,0.000000000000000000e+00,4.893764386875150939e-03,0.000000000000000000e+00,1.000000000000000000e+00,0.000000000000000000e+00,-4.893764386875150939e-03,0.000000000000000000e+00,9.999880254633680687e-01,2.020881365941307461e-01,0.000000000000000000e+00,7.545262575647636583e-01,0.000000000000000000e+00
9.999839486195887250e-01,0.000000000000000000e+00,5.665907092051277599e-03,0.000000000000000000e+00,1.000000000000000000e+00,0.000000000000000000e+00,-5.665907092051277599e-03,0.000000000000000000e+00,9.999839486195887250e-01,2.025442913658018762e-01,0.000000000000000000e+00,7.546868915860270866e-01,0.000000000000000000e+00
9.999789196602182351e-01,0.000000000000000000e+00,6.493091342557119269e-03,0.000000000000000000e+00,1.000000000000000000e+00,0.000000000000000000e+00,-6.493091342557119269e-03,0.000000000000000000e+00,9.999789196602182351e-01,2.030331024238837268e-01,0.000000000000000000e+00,7.548585862146285352e-01,0.000000000000000000e+00
9.999728041775545195e-01,0.000000000000000000e+00,7.375019001887556103e-03,0.000000000000000000e+00,1.000000000000000000e+00,0.000000000000000000e+00,-7.375019001887556103e-03,0.000000000000000000e+00,9.999728041775545195e-01,2.035544223523723384e-01,0.000000000000000000e+00,7.550411992455435817e-01,0.000000000000000000e+00
9.999654597879773510e-01,0.000000000000000000e+00,8.311391641544140299e-03,0.000000000000000000e+00,1.000000000000000000e+00,0.000000000000000000e+00,-8.311391641544140299e-03,0.000000000000000000e+00,9.999654597879773510e-01,2.041081052472050739e-01,0.000000000000000000e+00,7.552345837090927994e-01,0.000000000000000000e+00
9.999567362946039095e-01,0.000000000000000000e+00,9.301910505047642636e-03,0.000000000000000000e+00,1.000000000000000000e+00,0.000000000000000000e+00,-9.301910505047642636e-03,0.000000000000000000e+00,9.999567362946039095e-01,2.046940066606957043e-01,0.000000000000000000e+00,7.554385879592540043e-01,0.000000000000000000e+00
9.999464758491816152e-01,0.000000000000000000e+00,1.034627647040477737e-02,0.000000000000000000e+00,1.000000000000000000e+00,0.000000000000000000e+00,-1.034627647040477737e-02,0.000000000000000000e+00,9.999464758491816152e-01,2.053119835452194564e-01,0.000000000000000000e+00,7.556530557611959020e-01,0.000000000000000000e+00
9.999345131132285625e-01,0.000000000000000000e+00,1.144419001111565692e-02,0.000000000000000000e+00,1.000000000000000000e+00,0.000000000000000000e+00,-1.144419001111565692e-02,0.000000000000000000e+00,9.999345131132285625e-01,2.059618941961961214e-01,0.000000000000000000e+00,7.558778263780622231e-01,0.000000000000000000e+00
9.999206754184363222e-01,0.000000000000000000e+00,1.259535115580705071e-02,0.000000000000000000e+00,1.000000000000000000e+00,0.000000000000000000e+00,-1.259535115580705071e-02,0.000000000000000000e+00,9.999206754184363222e-01,2.066435981944187983e-01,0.000000000000000000e+00,7.561127346570295504e-01,0.000000000000000000e+00
9.999047829263455478e-01,0.000000000000000000e+00,1.379945944657545720e-02,0.000000000000000000e+00,1.000000000000000000e+00,0.000000000000000000e+00,-1.379945944657545720e-02,0.000000000000000000e+00,9.999047829263455478e-01,2.073569563477753452e-01,0.000000000000000000e+00,7.563576111146640413e-01,0.000000000000000000e+00
9.998866487873083742e-01,0.000000000000000000e+00,1.505621389612256562e-02,0.000000000000000000e+00,1.000000000000000000e+00,0.000000000000000000e+00,-1.505621389612256562e-02,0.000000000000000000e+00,9.998866487873083742e-01,2.081018306324085021e-01,0.000000000000000000e+00,7.566122820216025779e-01,0.000000000000000000e+00
9.998660792987492663e-01,0.000000000000000000e+00,1.636531294376457682e-02,0.000000000000000000e+00,1.000000000000000000e+00,0.000000000000000000e+00,-1.636531294376457682e-02,0.000000000000000000e+00,9.998660792987492663e-01,2.088780841333598703e-01,0.000000000000000000e+00,7.568765694865833282e-01,0.000000000000000000e+00
9.998428740627379741e-01,0.000000000000000000e+00,1.772645441039550837e-02,0.000000000000000000e+00,1.000000000000000000e+00,0.000000000000000000e+00,-1.772645441039550837e-02,0.000000000000000000e+00,9.998428740627379741e-01,2.096855809847425756e-01,0.000000000000000000e+00,7.571502915398483635e-01,0.000000000000000000e+00
9.998168261428876935e-01,0.000000000000000000e+00,1.913933545248351631e-02,0.000000000000000000e+00,1.000000000000000000e+00,0.000000000000000000e+00,-1.913933545248351631e-02,0.000000000000000000e+00,9.998168261428876935e-01,2.105241863094861610e-01,0.000000000000000000e+00,7.574332622159455353e-01,0.000000000000000000e+00
9.997877222205890924e-01,0.000000000000000000e+00,2.060365251517784491e-02,0.000000000000000000e+00,1.000000000000000000e+00,0.000000000000000000e+00,-2.060365251517784491e-02,0.000000000000000000e+00,9.997877222205890924e-01,2.113937661586972050e-01,0.000000000000000000e+00,7.577252916359501489e-01,0.000000000000000000e+00
9.997553427505958545e-01,0.000000000000000000e+00,2.211910128460313138e-02,0.000000000000000000e+00,1.000000000000000000e+00,0.000000000000000000e+00,-2.211910128460313138e-02,0.000000000000000000e+00,9.997553427505958545e-01,2.122941874506779070e-01,0.000000000000000000e+00,7.580261860891327474e-01,0.000000000000000000e+00
9.997194621159722905e-01,0.000000000000000000e+00,2.368537663941622240e-02,0.000000000000000000e+00,1.000000000000000000e+00,0.000000000000000000e+00,-2.368537663941622240e-02,0.000000000000000000e+00,9.997194621159722905e-01,2.132253179096442186e-01,0.000000000000000000e+00,7.583357481140957645e-01,0.000000000000000000e+00
9.996798487824157808e-01,0.000000000000000000e+00,2.530217260169987867e-02,0.000000000000000000e+00,1.000000000000000000e+00,0.000000000000000000e+00,-2.530217260169987867e-02,0.000000000000000000e+00,9.996798487824157808e-01,2.141870260041852381e-01,0.000000000000000000e+00,7.586537765794003629e-01,0.000000000000000000e+00
9.996362654519673763e-01,0.000000000000000000e+00,2.696918228726616004e-02,0.000000000000000000e+00,1.000000000000000000e+00,0.000000000000000000e+00,-2.696918228726616004e-02,0.000000000000000000e+00,9.996362654519673763e-01,2.151791808855035848e-01,0.000000000000000000e+00,7.589800667637087717e-01,0.000000000000000000e+00
9.995884692161209895e-01,0.000000000000000000e+00,2.868609785544153426e-02,0.000000000000000000e+00,1.000000000000000000e+00,0.000000000000000000e+00,-2.868609785544153426e-02,0.000000000000000000e+00,9.995884692161209895e-01,2.162016523254771394e-01,0.000000000000000000e+00,7.593144104354622170e-01,0.000000000000000000e+00
9.995362117083446130e-01,0.000000000000000000e+00,3.045261045840426395e-02,0.000000000000000000e+00,1.000000000000000000e+00,0.000000000000000000e+00,-3.045261045840426395e-02,0.000000000000000000e+00,9.995362117083446130e-01,2.172543106545810898e-01,0.000000000000000000e+00,7.596565959321174288e-01,0.000000000000000000e+00
9.994792392560241101e-01,0.000000000000000000e+00,3.226841019014375228e-02,0.000000000000000000e+00,1.000000000000000000e+00,0.000000000000000000e+00,-3.226841019014375228e-02,0.000000000000000000e+00,9.994792392560241101e-01,2.183370266997087528e-01,0.000000000000000000e+00,7.600064082389633713e-01,0.000000000000000000e+00
9.994172930318409032e-01,0.000000000000000000e+00,3.413318603511010518e-02,0.000000000000000000e+00,1.000000000000000000e+00,0.000000000000000000e+00,-3.413318603511010518e-02,0.000000000000000000e+00,9.994172930318409032e-01,2.194496717219294457e-01,0.000000000000000000e+00,7.603636290675384046e-01,0.000000000000000000e+00
9.993501092045952161e-01,0.000000000000000000e+00,3.604662581662140125e-02,0.000000000000000000e+00,1.000000000000000000e+00,0.000000000000000000e+00,-3.604662581662140125e-02,0.000000000000000000e+00,9.993501092045952161e-01,2.205921173542205183e-01,0.000000000000000000e+00,7.607280369336690828e-01,0.000000000000000000e+00
9.992774190894845310e-01,0.000000000000000000e+00,3.800841614509472416e-02,0.000000000000000000e+00,1.000000000000000000e+00,0.000000000000000000e+00,-3.800841614509472416e-02,0.000000000000000000e+00,9.992774190894845310e-01,2.217642355392104303e-01,0.000000000000000000e+00,7.610994072351512374e-01,0.000000000000000000e+00
9.991989492978476939e-01,0.000000000000000000e+00,4.001824236616610686e-02,0.000000000000000000e+00,1.000000000000000000e+00,0.000000000000000000e+00,-4.001824236616610686e-02,0.000000000000000000e+00,9.991989492978476939e-01,2.229658984669692923e-01,0.000000000000000000e+00,7.614775123290917769e-01,0.000000000000000000e+00
9.991144218863852178e-01,0.000000000000000000e+00,4.207578850876332599e-02,0.000000000000000000e+00,1.000000000000000000e+00,0.000000000000000000e+00,-4.207578850876332599e-02,0.000000000000000000e+00,9.991144218863852178e-01,2.241969785128820614e-01,0.000000000000000000e+00,7.618621216089324077e-01,0.000000000000000000e+00
9.990235545058642197e-01,0.000000000000000000e+00,4.418073723319446838e-02,0.000000000000000000e+00,1.000000000000000000e+00,0.000000000000000000e+00,-4.418073723319446838e-02,0.000000000000000000e+00,9.990235545058642197e-01,2.254573481756398934e-01,0.000000000000000000e+00,7.622530015811718185e-01,0.000000000000000000e+00
9.989260605493166523e-01,0.000000000000000000e+00,4.633276977931406748e-02,0.000000000000000000e+00,1.000000000000000000e+00,0.000000000000000000e+00,-4.633276977931406748e-02,0.000000000000000000e+00,9.989260605493166523e-01,2.267468800153843167e-01,0.000000000000000000e+00,7.626499159418066442e-01,0.000000000000000000e+00
9.988216492997409324e-01,0.000000000000000000e+00,4.853156591482758742e-02,0.000000000000000000e+00,1.000000000000000000e+00,0.000000000000000000e+00,-4.853156591482758742e-02,0.000000000000000000e+00,9.988216492997409324e-01,2.280654465920377849e-01,0.000000000000000000e+00,7.630526256525079765e-01,0.000000000000000000e+00
9.987100260773127403e-01,0.000000000000000000e+00,5.077680388379379739e-02,0.000000000000000000e+00,1.000000000000000000e+00,0.000000000000000000e+00,-5.077680388379379739e-02,0.000000000000000000e+00,9.987100260773127403e-01,2.294129204038544145e-01,0.000000000000000000e+00,7.634608890165504036e-01,0.000000000000000000e+00
9.985908923861138708e-01,0.000000000000000000e+00,5.306816035538373943e-02,0.000000000000000000e+00,1.000000000000000000e+00,0.000000000000000000e+00,-5.306816035538373943e-02,0.000000000000000000e+00,9.985908923861138708e-01,2.307891738262240755e-01,0.000000000000000000e+00,7.638744617545112359e-01,0.000000000000000000e+00
9.984639460603855765e-01,0.000000000000000000e+00,5.540531037295381295e-02,0.000000000000000000e+00,1.000000000000000000e+00,0.000000000000000000e+00,-5.540531037295381295e-02,0.000000000000000000e+00,9.984639460603855765e-01,2.321940790507617813e-01,0.000000000000000000e+00,7.642930970797554568e-01,0.000000000000000000e+00
9.983288814103129516e-01,0.000000000000000000e+00,5.778792730348945861e-02,0.000000000000000000e+00,1.000000000000000000e+00,0.000000000000000000e+00,-5.778792730348945861e-02,0.000000000000000000e+00,9.983288814103129516e-01,2.336275080247149638e-01,0.000000000000000000e+00,7.647165457737227223e-01,0.000000000000000000e+00
9.981853893673450218e-01,0.000000000000000000e+00,6.021568278747470998e-02,0.000000000000000000e+00,1.000000000000000000e+00,0.000000000000000000e+00,-6.021568278747470998e-02,0.000000000000000000e+00,9.981853893673450218e-01,2.350893323907195520e-01,0.000000000000000000e+00,7.651445562610301732e-01,0.000000000000000000e+00
9.980331576290583095e-01,0.000000000000000000e+00,6.268824668924234678e-02,0.000000000000000000e+00,1.000000000000000000e+00,0.000000000000000000e+00,-6.268824668924234678e-02,0.000000000000000000e+00,9.980331576290583095e-01,2.365794234269360807e-01,0.000000000000000000e+00,7.655768746844077155e-01,0.000000000000000000e+00
9.978718708035648755e-01,0.000000000000000000e+00,6.520528704785764906e-02,0.000000000000000000e+00,1.000000000000000000e+00,0.000000000000000000e+00,-6.520528704785764906e-02,0.000000000000000000e+00,9.978718708035648755e-01,2.380976519875965258e-01,0.000000000000000000e+00,7.660132449794770926e-01,0.000000000000000000e+00
9.977012105534724951e-01,0.000000000000000000e+00,6.776647002858832147e-02,0.000000000000000000e+00,1.000000000000000000e+00,0.000000000000000000e+00,-6.776647002858832147e-02,0.000000000000000000e+00,9.977012105534724951e-01,2.396438884439913708e-01,0.000000000000000000e+00,7.664534089493914015e-01,0.000000000000000000e+00
9.975208557393974163e-01,0.000000000000000000e+00,7.037145987501168543e-02,0.000000000000000000e+00,1.000000000000000000e+00,0.000000000000000000e+00,-7.037145987501168543e-02,0.000000000000000000e+00,9.975208557393974163e-01,2.412180026259268528e-01,0.000000000000000000e+00,7.668971063393443810e-01,0.000000000000000000e+00
9.973304825630342485e-01,0.000000000000000000e+00,7.301991886180947411e-02,0.000000000000000000e+00,1.000000000000000000e+00,0.000000000000000000e+00,-7.301991886180947411e-02,0.000000000000000000e+00,9.973304825630342485e-01,2.428198637636812540e-01,0.000000000000000000e+00,7.673440749109641246e-01,0.000000000000000000e+00
9.971297647097847605e-01,0.000000000000000000e+00,7.571150724829957268e-02,0.000000000000000000e+00,1.000000000000000000e+00,0.000000000000000000e+00,-7.571150724829957268e-02,0.000000000000000000e+00,9.971297647097847605e-01,2.444493404304887707e-01,0.000000000000000000e+00,7.677940505166029883e-01,0.000000000000000000e+00
9.969183734909460304e-01,0.000000000000000000e+00,7.844588323275264452e-02,0.000000000000000000e+00,1.000000000000000000e+00,0.000000000000000000e+00,-7.844588323275264452e-02,0.000000000000000000e+00,9.969183734909460304e-01,2.461063004855793268e-01,0.000000000000000000e+00,7.682467671735320192e-01,0.000000000000000000e+00
9.966959779854603907e-01,0.000000000000000000e+00,8.122270290754098065e-02,0.000000000000000000e+00,1.000000000000000000e+00,0.000000000000000000e+00,-8.122270290754098065e-02,0.000000000000000000e+00,9.966959779854603907e-01,2.477906110178015597e-01,0.000000000000000000e+00,7.687019571380538929e-01,0.000000000000000000e+00
9.964622451812260584e-01,0.000000000000000000e+00,8.404162021516603520e-02,0.000000000000000000e+00,1.000000000000000000e+00,0.000000000000000000e+00,-8.404162021516603520e-02,0.000000000000000000e+00,9.964622451812260584e-01,2.495021382898567619e-01,0.000000000000000000e+00,7.691593509795422445e-01,0.000000000000000000e+00
9.962168401159683384e-01,0.000000000000000000e+00,8.690228690520898636e-02,0.000000000000000000e+00,1.000000000000000000e+00,0.000000000000000000e+00,-8.690228690520898636e-02,0.000000000000000000e+00,9.962168401159683384e-01,2.512407476831697295e-01,0.000000000000000000e+00,7.696186776544154950e-01,0.000000000000000000e+00
9.959594260176705127e-01,0.000000000000000000e+00,8.980435249224948124e-02,0.000000000000000000e+00,1.000000000000000000e+00,0.000000000000000000e+00,-8.980435249224948124e-02,0.000000000000000000e+00,9.959594260176705127e-01,2.530063036434237467e-01,0.000000000000000000e+00,7.700796645800578322e-01,0.000000000000000000e+00
9.956896644445624167e-01,0.000000000000000000e+00,9.274746421479482250e-02,0.000000000000000000e+00,1.000000000000000000e+00,0.000000000000000000e+00,-9.274746421479482250e-02,0.000000000000000000e+00,9.956896644445624167e-01,2.547986696267844353e-01,0.000000000000000000e+00,7.705420377086901196e-01,0.000000000000000000e+00
9.954072154246631499e-01,0.000000000000000000e+00,9.573126699526231242e-02,0.000000000000000000e+00,1.000000000000000000e+00,0.000000000000000000e+00,-9.573126699526231242e-02,0.000000000000000000e+00,9.954072154246631499e-01,2.566177080468388105e-01,0.000000000000000000e+00,7.710055216012021706e-01,0.000000000000000000e+00
9.951117375948766997e-01,0.000000000000000000e+00,9.875540340105549986e-02,0.000000000000000000e+00,1.000000000000000000e+00,0.000000000000000000e+00,-9.875540340105549986e-02,0.000000000000000000e+00,9.951117375948766997e-01,2.584632802222741610e-01,0.000000000000000000e+00,7.714698395009518261e-01,0.000000000000000000e+00
9.948028883396348165e-01,0.000000000000000000e+00,1.018195136067744921e-01,0.000000000000000000e+00,1.000000000000000000e+00,0.000000000000000000e+00,-1.018195136067744921e-01,0.000000000000000000e+00,9.948028883396348165e-01,2.603352463253206794e-01,0.000000000000000000e+00,7.719347134075360550e-01,0.000000000000000000e+00
9.944803239290829211e-01,0.000000000000000000e+00,1.049232353575995369e-01,0.000000000000000000e+00,1.000000000000000000e+00,0.000000000000000000e+00,-1.049232353575995369e-01,0.000000000000000000e+00,9.944803239290829211e-01,2.622334653309826846e-01,0.000000000000000000e+00,7.723998641505408491e-01,0.000000000000000000e+00
9.941436996568050466e-01,0.000000000000000000e+00,1.080662039338859681e-01,0.000000000000000000e+00,1.000000000000000000e+00,0.000000000000000000e+00,-1.080662039338859681e-01,0.000000000000000000e+00,9.941436996568050466e-01,2.641577949670814718e-01,0.000000000000000000e+00,7.728650114632750201e-01,0.000000000000000000e+00
9.937926699770791572e-01,0.000000000000000000e+00,1.112480521170070846e-01,0.000000000000000000e+00,1.000000000000000000e+00,0.000000000000000000e+00,-1.112480521170070846e-01,0.000000000000000000e+00,9.937926699770791572e-01,2.661080916651329398e-01,0.000000000000000000e+00,7.733298740564906737e-01,0.000000000000000000e+00
9.934268886416591782e-01,0.000000000000000000e+00,1.144684101564819589e-01,0.000000000000000000e+00,1.000000000000000000e+00,0.000000000000000000e+00,-1.144684101564819589e-01,0.000000000000000000e+00,9.934268886416591782e-01,2.680842105120832541e-01,0.000000000000000000e+00,7.737941696920954682e-01,0.000000000000000000e+00
9.930460088360743010e-01,0.000000000000000000e+00,1.177269057384222051e-01,0.000000000000000000e+00,1.000000000000000000e+00,0.000000000000000000e+00,-1.177269057384222051e-01,0.000000000000000000e+00,9.930460088360743010e-01,2.700860052029235847e-01,0.000000000000000000e+00,7.742576152568589887e-01,0.000000000000000000e+00
9.926496833154386801e-01,0.000000000000000000e+00,1.210231639553323163e-01,0.000000000000000000e+00,1.000000000000000000e+00,0.000000000000000000e+00,-1.210231639553323163e-01,0.000000000000000000e+00,9.926496833154386801e-01,2.721133279942068439e-01,0.000000000000000000e+00,7.747199268361167901e-01,0.000000000000000000e+00
9.922375645397614186e-01,0.000000000000000000e+00,1.243568072772966437e-01,0.000000000000000000e+00,1.000000000000000000e+00,0.000000000000000000e+00,-1.243568072772966437e-01,0.000000000000000000e+00,9.922375645397614186e-01,2.741660296584873535e-01,0.000000000000000000e+00,7.751808197874714423e-01,0.000000000000000000e+00
9.918093048087496255e-01,0.000000000000000000e+00,1.277274555245845045e-01,0.000000000000000000e+00,1.000000000000000000e+00,0.000000000000000000e+00,-1.277274555245845045e-01,0.000000000000000000e+00,9.918093048087496255e-01,2.762439594397037568e-01,0.000000000000000000e+00,7.756400088144951299e-01,0.000000000000000000e+00
9.913645563960923335e-01,0.000000000000000000e+00,1.311347258417051298e-01,0.000000000000000000e+00,1.000000000000000000e+00,0.000000000000000000e+00,-1.311347258417051298e-01,0.000000000000000000e+00,9.913645563960923335e-01,2.783469650095264925e-01,0.000000000000000000e+00,7.760972080404318074e-01,0.000000000000000000e+00
9.909029716832156165e-01,0.000000000000000000e+00,1.345782326729416944e-01,0.000000000000000000e+00,1.000000000000000000e+00,0.000000000000000000e+00,-1.345782326729416944e-01,0.000000000000000000e+00,9.909029716832156165e-01,2.804748924246890929e-01,0.000000000000000000e+00,7.765521310818996881e-01,0.000000000000000000e+00
9.904242032924980288e-01,0.000000000000000000e+00,1.380575877393940276e-01,0.000000000000000000e+00,1.000000000000000000e+00,0.000000000000000000e+00,-1.380575877393940276e-01,0.000000000000000000e+00,9.904242032924980288e-01,2.826275860853227351e-01,0.000000000000000000e+00,7.770044911225943984e-01,0.000000000000000000e+00
9.899279042199329304e-01,0.000000000000000000e+00,1.415724000175574426e-01,0.000000000000000000e+00,1.000000000000000000e+00,0.000000000000000000e+00,-1.415724000175574426e-01,0.000000000000000000e+00,9.899279042199329304e-01,2.848048886943139180e-01,0.000000000000000000e+00,7.774540009869906898e-01,0.000000000000000000e+00
9.894137279672258201e-01,0.000000000000000000e+00,1.451222757194648716e-01,0.000000000000000000e+00,1.000000000000000000e+00,0.000000000000000000e+00,-1.451222757194648716e-01,0.000000000000000000e+00,9.894137279672258201e-01,2.870066412177026960e-01,0.000000000000000000e+00,7.779003732140395977e-01,0.000000000000000000e+00
9.888813286733141306e-01,0.000000000000000000e+00,1.487068182744183398e-01,0.000000000000000000e+00,1.000000000000000000e+00,0.000000000000000000e+00,-1.487068182744183398e-01,0.000000000000000000e+00,9.888813286733141306e-01,2.892326828461404542e-01,0.000000000000000000e+00,7.783433201308630478e-01,0.000000000000000000e+00
9.883303612452936093e-01,0.000000000000000000e+00,1.523256283123343990e-01,0.000000000000000000e+00,1.000000000000000000e+00,0.000000000000000000e+00,-1.523256283123343990e-01,0.000000000000000000e+00,9.883303612452936093e-01,2.914828509574242110e-01,0.000000000000000000e+00,7.787825539264366936e-01,0.000000000000000000e+00
9.877604814887389617e-01,0.000000000000000000e+00,1.559783036487272512e-01,0.000000000000000000e+00,1.000000000000000000e+00,0.000000000000000000e+00,-1.559783036487272512e-01,0.000000000000000000e+00,9.877604814887389617e-01,2.937569810801247683e-01,0.000000000000000000e+00,7.792177867252636503e-01,0.000000000000000000e+00
9.871713462374018810e-01,0.000000000000000000e+00,1.596644392713529315e-01,0.000000000000000000e+00,1.000000000000000000e+00,0.000000000000000000e+00,-1.596644392713529315e-01,0.000000000000000000e+00,9.871713462374018810e-01,2.960549068583258614e-01,0.000000000000000000e+00,7.796487306610301316e-01,0.000000000000000000e+00
9.865626134822715887e-01,0.000000000000000000e+00,1.633836273285361185e-01,0.000000000000000000e+00,1.000000000000000000e+00,0.000000000000000000e+00,-1.633836273285361185e-01,0.000000000000000000e+00,9.865626134822715887e-01,2.983764600174896864e-01,0.000000000000000000e+00,7.800750979502417692e-01,0.000000000000000000e+00
9.859339424999811197e-01,0.000000000000000000e+00,1.671354571191996929e-01,0.000000000000000000e+00,1.000000000000000000e+00,0.000000000000000000e+00,-1.671354571191996929e-01,0.000000000000000000e+00,9.859339424999811197e-01,3.007214703314650683e-01,0.000000000000000000e+00,7.804966009658328430e-01,0.000000000000000000e+00
9.852849939805431445e-01,0.000000000000000000e+00,1.709195150846181677e-01,0.000000000000000000e+00,1.000000000000000000e+00,0.000000000000000000e+00,-1.709195150846181677e-01,0.000000000000000000e+00,9.852849939805431445e-01,3.030897655906534260e-01,0.000000000000000000e+00,7.809129523107443127e-01,0.000000000000000000e+00
9.846154301543966758e-01,0.000000000000000000e+00,1.747353848019124190e-01,0.000000000000000000e+00,1.000000000000000000e+00,0.000000000000000000e+00,-1.747353848019124190e-01,0.000000000000000000e+00,9.846154301543966758e-01,3.054811715713467990e-01,0.000000000000000000e+00,7.813238648914637707e-01,0.000000000000000000e+00
9.839249149187478949e-01,0.000000000000000000e+00,1.785826469793040938e-01,0.000000000000000000e+00,1.000000000000000000e+00,0.000000000000000000e+00,-1.785826469793040938e-01,0.000000000000000000e+00,9.839249149187478949e-01,3.078955120062530360e-01,0.000000000000000000e+00,7.817290519915196523e-01,0.000000000000000000e+00
9.832131139631856698e-01,0.000000000000000000e+00,1.824608794531462352e-01,0.000000000000000000e+00,1.000000000000000000e+00,0.000000000000000000e+00,-1.824608794531462352e-01,0.000000000000000000e+00,9.832131139631856698e-01,3.103326085562210235e-01,0.000000000000000000e+00,7.821282273449241540e-01,0.000000000000000000e+00
9.824796948945534458e-01,0.000000000000000000e+00,1.863696571867456131e-01,0.000000000000000000e+00,1.000000000000000000e+00,0.000000000000000000e+00,-1.863696571867456131e-01,0.000000000000000000e+00,9.824796948945534458e-01,3.127922807831795549e-01,0.000000000000000000e+00,7.825211052095546460e-01,0.000000000000000000e+00
9.817243273610567478e-01,0.000000000000000000e+00,1.903085522709913602e-01,0.000000000000000000e+00,1.000000000000000000e+00,0.000000000000000000e+00,-1.903085522709913602e-01,0.000000000000000000e+00,9.817243273610567478e-01,3.152743461243029399e-01,0.000000000000000000e+00,7.829074004404669163e-01,0.000000000000000000e+00
9.809466831755876415e-01,0.000000000000000000e+00,1.942771339268038744e-01,0.000000000000000000e+00,1.000000000000000000e+00,0.000000000000000000e+00,-1.942771339268038744e-01,0.000000000000000000e+00,9.809466831755876415e-01,3.177786198674145690e-01,0.000000000000000000e+00,7.832868285631298111e-01,0.000000000000000000e+00
9.801464364382447281e-01,0.000000000000000000e+00,1.982749685094158110e-01,0.000000000000000000e+00,1.000000000000000000e+00,0.000000000000000000e+00,-1.982749685094158110e-01,0.000000000000000000e+00,9.801464364382447281e-01,3.203049151276416429e-01,0.000000000000000000e+00,7.836591058465740556e-01,0.000000000000000000e+00
9.793232636580281314e-01,0.000000000000000000e+00,2.023016195144969609e-01,0.000000000000000000e+00,1.000000000000000000e+00,0.000000000000000000e+00,-2.023016195144969609e-01,0.000000000000000000e+00,9.793232636580281314e-01,3.228530428253304496e-01,0.000000000000000000e+00,7.840239493764422640e-01,0.000000000000000000e+00
9.784768438736872742e-01,0.000000000000000000e+00,2.063566475861340621e-01,0.000000000000000000e+00,1.000000000000000000e+00,0.000000000000000000e+00,-2.063566475861340621e-01,0.000000000000000000e+00,9.784768438736872742e-01,3.254228116652349012e-01,0.000000000000000000e+00,7.843810771279318139e-01,0.000000000000000000e+00
9.776068587737004600e-01,0.000000000000000000e+00,2.104396105266734540e-01,0.000000000000000000e+00,1.000000000000000000e+00,0.000000000000000000e+00,-2.104396105266734540e-01,0.000000000000000000e+00,9.776068587737004600e-01,3.280140281169861560e-01,0.000000000000000000e+00,7.847302080386194811e-01,0.000000000000000000e+00
9.767129928153642782e-01,0.000000000000000000e+00,2.145500633084366504e-01,0.000000000000000000e+00,1.000000000000000000e+00,0.000000000000000000e+00,-2.145500633084366504e-01,0.000000000000000000e+00,9.767129928153642782e-01,3.306264963968554849e-01,0.000000000000000000e+00,7.850710620811558460e-01,0.000000000000000000e+00
9.757949333429679628e-01,0.000000000000000000e+00,2.186875580873150759e-01,0.000000000000000000e+00,1.000000000000000000e+00,0.000000000000000000e+00,-2.186875580873150759e-01,0.000000000000000000e+00,9.757949333429679628e-01,3.332600184508176522e-01,0.000000000000000000e+00,7.854033603358175908e-01,0.000000000000000000e+00
9.748523707050327225e-01,0.000000000000000000e+00,2.228516442182500445e-01,0.000000000000000000e+00,1.000000000000000000e+00,0.000000000000000000e+00,-2.228516442182500445e-01,0.000000000000000000e+00,9.748523707050327225e-01,3.359143939389234723e-01,0.000000000000000000e+00,7.857268250629059203e-01,0.000000000000000000e+00
9.738849983705906155e-01,0.000000000000000000e+00,2.270418682726045301e-01,0.000000000000000000e+00,1.000000000000000000e+00,0.000000000000000000e+00,-2.270418682726045301e-01,0.000000000000000000e+00,9.738849983705906155e-01,3.385894202209910331e-01,0.000000000000000000e+00,7.860411797749791152e-01,0.000000000000000000e+00
9.728925130444796565e-01,0.000000000000000000e+00,2.312577740574291996e-01,0.000000000000000000e+00,1.000000000000000000e+00,0.000000000000000000e+00,-2.312577740574291996e-01,0.000000000000000000e+00,9.728925130444796565e-01,3.412848923436212489e-01,0.000000000000000000e+00,7.863461493089035637e-01,0.000000000000000000e+00
9.718746147816312853e-01,0.000000000000000000e+00,2.354989026366275939e-01,0.000000000000000000e+00,1.000000000000000000e+00,0.000000000000000000e+00,-2.354989026366275939e-01,0.000000000000000000e+00,9.718746147816312853e-01,3.440006030285460703e-01,0.000000000000000000e+00,7.866414598977127248e-01,0.000000000000000000e+00
9.708310071003259933e-01,0.000000000000000000e+00,2.397647923540207338e-01,0.000000000000000000e+00,1.000000000000000000e+00,0.000000000000000000e+00,-2.397647923540207338e-01,0.000000000000000000e+00,9.708310071003259933e-01,3.467363426623144562e-01,0.000000000000000000e+00,7.869268392422585912e-01,0.000000000000000000e+00
9.697613970943923523e-01,0.000000000000000000e+00,2.440549788583141477e-01,0.000000000000000000e+00,1.000000000000000000e+00,0.000000000000000000e+00,-2.440549788583141477e-01,0.000000000000000000e+00,9.697613970943923523e-01,3.494918992873239927e-01,0.000000000000000000e+00,7.872020165826414395e-01,0.000000000000000000e+00
9.686654955443241288e-01,0.000000000000000000e+00,2.483689951299657417e-01,0.000000000000000000e+00,1.000000000000000000e+00,0.000000000000000000e+00,-2.483689951299657417e-01,0.000000000000000000e+00,9.686654955443241288e-01,3.522670585942002108e-01,0.000000000000000000e+00,7.874667227694028826e-01,0.000000000000000000e+00
9.675430170272909525e-01,0.000000000000000000e+00,2.527063715099547303e-01,0.000000000000000000e+00,1.000000000000000000e+00,0.000000000000000000e+00,-2.527063715099547303e-01,0.000000000000000000e+00,9.675430170272909525e-01,3.550616039155323200e-01,0.000000000000000000e+00,7.877206903344690092e-01,0.000000000000000000e+00
9.663936800260175541e-01,0.000000000000000000e+00,2.570666357304487448e-01,0.000000000000000000e+00,1.000000000000000000e+00,0.000000000000000000e+00,-2.570666357304487448e-01,0.000000000000000000e+00,9.663936800260175541e-01,3.578753162209655225e-01,0.000000000000000000e+00,7.879636535618254056e-01,0.000000000000000000e+00
9.652172070365042655e-01,0.000000000000000000e+00,2.614493129473666744e-01,0.000000000000000000e+00,1.000000000000000000e+00,0.000000000000000000e+00,-2.614493129473666744e-01,0.000000000000000000e+00,9.652172070365042655e-01,3.607079741136568485e-01,0.000000000000000000e+00,7.881953485579111796e-01,0.000000000000000000e+00
9.640133246745657969e-01,0.000000000000000000e+00,2.658539257748327445e-01,0.000000000000000000e+00,1.000000000000000000e+00,0.000000000000000000e+00,-2.658539257748327445e-01,0.000000000000000000e+00,9.640133246745657969e-01,3.635593538280955661e-01,0.000000000000000000e+00,7.884155133217135569e-01,0.000000000000000000e+00
9.627817637811596496e-01,0.000000000000000000e+00,2.702799943215169476e-01,0.000000000000000000e+00,1.000000000000000000e+00,0.000000000000000000e+00,-2.702799943215169476e-01,0.000000000000000000e+00,9.627817637811596496e-01,3.664292292292905540e-01,0.000000000000000000e+00,7.886238878145490627e-01,0.000000000000000000e+00
9.615222595264807381e-01,0.000000000000000000e+00,2.747270362288558587e-01,0.000000000000000000e+00,1.000000000000000000e+00,0.000000000000000000e+00,-2.747270362288558587e-01,0.000000000000000000e+00,9.615222595264807381e-01,3.693173718133284655e-01,0.000000000000000000e+00,7.888202140295121900e-01,0.000000000000000000e+00
9.602345515127933551e-01,0.000000000000000000e+00,2.791945667111461193e-01,0.000000000000000000e+00,1.000000000000000000e+00,0.000000000000000000e+00,-2.791945667111461193e-01,0.000000000000000000e+00,9.602345515127933551e-01,3.722235507093010209e-01,0.000000000000000000e+00,7.890042360605770133e-01,0.000000000000000000e+00
9.589183838759773870e-01,0.000000000000000000e+00,2.836820985975036513e-01,0.000000000000000000e+00,1.000000000000000000e+00,0.000000000000000000e+00,-2.836820985975036513e-01,0.000000000000000000e+00,9.589183838759773870e-01,3.751475326826053669e-01,0.000000000000000000e+00,7.891757001713328723e-01,0.000000000000000000e+00
9.575735053857595824e-01,0.000000000000000000e+00,2.881891423756777759e-01,0.000000000000000000e+00,1.000000000000000000e+00,0.000000000000000000e+00,-2.881891423756777759e-01,0.000000000000000000e+00,9.575735053857595824e-01,3.780890821396152846e-01,0.000000000000000000e+00,7.893343548633374729e-01,0.000000000000000000e+00
9.561996695446062233e-01,0.000000000000000000e+00,2.927152062377114672e-01,0.000000000000000000e+00,1.000000000000000000e+00,0.000000000000000000e+00,-2.927152062377114672e-01,0.000000000000000000e+00,9.561996695446062233e-01,3.810479611337229677e-01,0.000000000000000000e+00,7.894799509440697527e-01,0.000000000000000000e+00
9.547966346852481134e-01,0.000000000000000000e+00,2.972597961274360823e-01,0.000000000000000000e+00,1.000000000000000000e+00,0.000000000000000000e+00,-2.972597961274360823e-01,0.000000000000000000e+00,9.547966346852481134e-01,3.840239293727525371e-01,0.000000000000000000e+00,7.896122415944646367e-01,0.000000000000000000e+00
9.533641640668147899e-01,0.000000000000000000e+00,3.018224157897878013e-01,0.000000000000000000e+00,1.000000000000000000e+00,0.000000000000000000e+00,-3.018224157897878013e-01,0.000000000000000000e+00,9.533641640668147899e-01,3.870167442277404612e-01,0.000000000000000000e+00,7.897309824360109198e-01,0.000000000000000000e+00
9.519020259695478714e-01,0.000000000000000000e+00,3.064025668219348408e-01,0.000000000000000000e+00,1.000000000000000000e+00,0.000000000000000000e+00,-3.064025668219348408e-01,0.000000000000000000e+00,9.519020259695478714e-01,3.900261607430838273e-01,0.000000000000000000e+00,7.898359315973954020e-01,0.000000000000000000e+00
9.504099937880714499e-01,0.000000000000000000e+00,3.109997487261976223e-01,0.000000000000000000e+00,1.000000000000000000e+00,0.000000000000000000e+00,-3.109997487261976223e-01,0.000000000000000000e+00,9.504099937880714499e-01,3.930519316480511338e-01,0.000000000000000000e+00,7.899268497806728462e-01,0.000000000000000000e+00
9.488878461231894379e-01,0.000000000000000000e+00,3.156134589647507926e-01,0.000000000000000000e+00,1.000000000000000000e+00,0.000000000000000000e+00,-3.156134589647507926e-01,0.000000000000000000e+00,9.488878461231894379e-01,3.960938073696538275e-01,0.000000000000000000e+00,7.900035003269456624e-01,0.000000000000000000e+00
9.473353668721865573e-01,0.000000000000000000e+00,3.202431930160883899e-01,0.000000000000000000e+00,1.000000000000000000e+00,0.000000000000000000e+00,-3.202431930160883899e-01,0.000000000000000000e+00,9.473353668721865573e-01,3.991515360468743112e-01,0.000000000000000000e+00,7.900656492815317788e-01,0.000000000000000000e+00
9.457523453176058803e-01,0.000000000000000000e+00,3.248884444332361676e-01,0.000000000000000000e+00,1.000000000000000000e+00,0.000000000000000000e+00,-3.248884444332361676e-01,0.000000000000000000e+00,9.457523453176058803e-01,4.022248635462452038e-01,0.000000000000000000e+00,7.901130654586040469e-01,0.000000000000000000e+00
9.441385762144766103e-01,0.000000000000000000e+00,3.295487049036922578e-01,0.000000000000000000e+00,1.000000000000000000e+00,0.000000000000000000e+00,-3.295487049036922578e-01,0.000000000000000000e+00,9.441385762144766103e-01,4.053135334787754118e-01,0.000000000000000000e+00,7.901455205052806408e-01,0.000000000000000000e+00
9.424938598759677877e-01,0.000000000000000000e+00,3.342234643110796877e-01,0.000000000000000000e+00,1.000000000000000000e+00,0.000000000000000000e+00,-3.342234643110796877e-01,0.000000000000000000e+00,9.424938598759677877e-01,4.084172872182175729e-01,0.000000000000000000e+00,7.901627889651487990e-01,0.000000000000000000e+00
9.408180022574408330e-01,0.000000000000000000e+00,3.389122107984869903e-01,0.000000000000000000e+00,1.000000000000000000e+00,0.000000000000000000e+00,-3.389122107984869903e-01,0.000000000000000000e+00,9.408180022574408330e-01,4.115358639206692093e-01,0.000000000000000000e+00,7.901646483412004818e-01,0.000000000000000000e+00
